0.01  48.40
0.02  49.10
0.04  50.20
0.05  50.90
0.06  51.40
0.07  52.10
0.08  52.90
0.10  53.10
0.11  53.50
0.12  53.90
0.13  54.30
0.14  54.20
0.16  54.80
0.17  55.30
0.18  55.00
0.19  55.60
0.20  55.70
0.22  55.80
0.23  56.30
0.24  56.30
0.25  56.50
0.26  56.20
0.28  56.60
0.29  56.80
0.30  56.80
0.31  57.10
0.32  57.00
0.34  57.10
0.35  56.90
0.36  57.10
0.37  57.30
0.38  57.60
0.40  57.00
0.41  57.40
0.42  57.50
0.43  57.80
0.45  57.90
0.46  57.70
0.47  57.80
0.49  58.20
0.50  58.00
0.51  57.80
0.53  58.00
0.54  58.00
0.55  224.30
0.57  253.60
0.58  146.80
0.60  114.20
0.61  98.50
0.62  90.10
0.64  84.00
0.65  80.00
0.67  77.00
0.68  74.70
0.69  72.60
0.70  71.10
0.72  69.60
0.73  68.80
0.75  67.90
0.76  66.90
0.77  66.30
0.79  65.80
0.80  65.10
0.81  64.80
0.83  64.30
0.84  63.90
0.86  63.60
0.87  63.50
0.88  63.00
0.89  62.80
0.91  62.60
0.92  62.20
0.93  62.00
0.95  62.10
0.96  61.90
0.98  61.40
0.99  61.80
1.00  61.20
1.02  61.30
1.03  61.00
1.04  61.20
1.06  60.90
1.07  60.80
1.08  60.90
1.10  60.90
1.11  60.80
1.12  60.50
1.14  60.50
1.15  60.70
1.16  60.60
1.18  60.10
1.19  60.60
1.21  60.20
1.22  60.10
1.23  60.20
1.25  60.30
1.26  60.10
1.27  60.00
1.29  60.00
1.30  60.10
1.31  60.10
1.33  60.10
1.34  60.00
1.35  60.00
1.37  60.00
1.38  60.00
1.39  59.70
1.41  59.80
1.42  59.90
1.43  59.70
1.45  59.90
1.46  60.00
1.48  59.60
1.49  60.00
1.50  59.90
1.52  59.80
1.53  60.00
1.54  59.40
1.56  59.80
1.57  458.00
1.59  182.90
1.60  129.10
1.61  106.90
1.63  95.20
1.64  88.00
1.66  83.30
1.67  79.50
1.68  77.10
1.70  74.90
1.71  73.00
1.72  71.30
1.74  70.10
1.75  69.00
1.76  68.30
1.78  67.80
1.79  67.20
1.80  66.10
1.82  66.00
1.83  65.20
1.85  65.00
1.86  64.50
1.87  64.10
1.89  64.00
1.90  64.00
1.91  63.40
1.93  63.00
1.94  63.00
1.95  62.90
1.97  62.70
1.98  62.50
1.99  62.30
2.01  62.30
2.02  62.10
2.03  61.80
2.05  62.00
2.06  61.90
2.08  61.90
2.09  61.80
2.10  61.70
2.12  61.20
2.13  61.10
2.14  61.30
2.16  61.10
2.17  61.10
2.18  61.10
2.20  61.00
2.21  61.00
2.22  60.80
2.24  60.60
2.25  60.60
2.27  60.80
2.28  60.70
2.29  60.80
2.31  60.60
2.32  60.50
2.33  60.20
2.35  60.40
2.36  60.30
2.37  60.40
2.39  60.30
2.40  60.20
2.41  60.30
2.43  59.90
2.44  60.00
2.45  60.00
2.47  60.20
2.48  59.90
2.49  60.10
2.51  60.00
2.52  60.00
2.54  60.00
2.55  60.00
2.56  60.00
2.58  298.90
2.59  242.50
2.61  145.80
2.62  115.10
2.63  99.90
2.65  91.30
2.66  85.70
2.67  81.30
2.69  78.60
2.70  76.10
2.72  74.00
2.73  72.20
2.74  71.00
2.76  69.90
2.77  68.80
2.78  68.30
2.80  67.30
2.81  66.90
2.82  66.00
2.84  65.60
2.85  65.30
2.86  64.90
2.88  64.40
2.89  64.20
2.90  64.10
2.92  63.90
2.93  63.30
2.95  63.20
2.96  63.30
2.97  62.90
2.98  62.90
3.00  62.60
3.01  62.60
3.03  62.40
3.04  62.10
3.05  62.00
3.07  62.10
3.08  61.90
3.09  61.80
3.11  61.60
3.12  61.60
3.13  61.10
3.15  61.30
3.16  61.20
3.17  61.10
3.19  61.10
3.20  61.10
3.22  61.00
3.23  61.00
3.24  60.50
3.26  60.90
3.27  60.80
3.28  60.50
3.30  60.50
3.31  60.80
3.32  60.40
3.34  60.20
3.35  60.20
3.36  60.00
3.38  60.00
3.39  59.90
3.40  60.20
3.42  60.00
3.43  59.90
3.45  60.00
3.46  59.90
3.47  59.60
3.49  60.00
3.50  59.50
3.51  60.00
3.53  59.70
3.54  59.80
3.55  59.80
3.57  59.70
3.58  59.60
3.59  465.10
3.61  177.90
3.62  127.20
3.64  106.10
3.65  94.70
3.67  87.90
3.68  83.00
3.69  79.30
3.71  76.70
3.72  74.40
3.73  72.90
3.75  71.30
3.76  70.10
3.77  69.00
3.79  68.00
3.80  67.10
3.81  66.60
3.83  66.00
3.84  65.60
3.86  65.00
3.87  64.70
3.88  64.60
3.90  64.00
3.91  64.00
3.92  63.40
3.94  63.20
3.95  63.00
3.96  62.90
3.98  62.50
3.99  62.70
4.00  62.20
4.02  62.20
4.03  62.10
4.04  62.00
4.06  61.60
4.07  61.90
4.08  61.70
4.10  61.30
4.11  61.30
4.13  61.30
4.14  60.90
4.15  60.90
4.17  60.90
4.18  60.90
4.19  60.80
4.21  61.00
4.22  60.70
4.23  60.60
4.25  60.60
4.26  60.50
4.27  60.20
4.29  60.30
4.30  60.30
4.32  60.20
4.33  60.20
4.34  60.20
4.36  60.00
4.37  59.90
4.38  59.90
4.40  60.10
4.41  60.00
4.42  59.90
4.44  59.80
4.45  59.70
4.46  60.00
4.48  59.80
4.49  60.10
4.50  60.00
4.52  59.80
4.53  59.70
4.54  59.70
4.56  59.80
4.57  59.60
4.59  59.60
4.60  345.40
4.61  231.10
4.63  143.30
4.64  113.80
4.66  99.10
4.67  90.90
4.68  85.10
4.70  81.10
4.71  77.90
4.72  75.70
4.74  73.40
4.75  72.00
4.76  70.60
4.78  69.60
4.79  68.30
4.80  67.60
4.82  66.70
4.83  66.30
4.85  66.00
4.86  65.30
4.87  64.90
4.89  64.50
4.90  64.20
4.91  63.90
4.93  63.90
4.94  63.30
4.95  63.20
4.97  63.10
4.98  62.80
5.00  62.60
5.01  62.40
5.02  62.00
5.03  62.10
5.05  62.00
5.06  61.90
5.07  61.70
5.09  61.70
5.10  61.50
5.12  61.40
5.13  61.30
5.14  61.00
5.16  61.00
5.17  61.10
5.18  61.00
5.20  60.80
5.21  60.80
5.22  60.70
5.24  60.30
5.25  60.50
5.26  60.80
5.28  60.30
5.29  60.30
5.31  60.60
5.32  60.20
5.33  60.20
5.35  60.30
5.36  60.20
5.37  60.00
5.39  60.20
5.40  59.80
5.41  60.00
5.43  60.10
5.44  59.90
5.45  59.80
5.47  60.10
5.48  59.90
5.49  59.90
5.51  59.80
5.52  59.90
5.53  59.60
5.55  59.70
5.56  59.80
5.58  59.60
5.59  59.80
5.60  59.70
5.62  458.30
5.63  172.90
5.65  125.80
5.66  105.30
5.68  93.90
5.69  87.50
5.70  82.80
5.72  79.30
5.73  76.70
5.74  74.30
5.76  72.80
5.77  71.10
5.78  70.20
5.80  68.90
5.81  68.00
5.82  67.70
5.84  66.70
5.85  66.00
5.86  65.70
5.88  65.00
5.89  64.60
5.90  64.40
5.92  64.10
5.93  63.90
5.95  63.60
5.96  63.10
5.97  63.10
5.99  62.80
6.00  62.40
6.01  62.30
6.03  62.40
6.04  62.10
6.05  62.10
6.07  62.00
6.08  61.80
6.09  61.60
6.11  61.70
6.12  61.30
6.13  61.30
6.15  61.20
6.16  61.20
6.18  61.00
6.19  60.90
6.20  60.90
6.22  60.80
6.23  61.10
6.24  61.00
6.26  60.60
6.27  60.20
6.28  60.70
6.30  60.30
6.31  60.50
6.32  60.40
6.34  60.40
6.35  60.00
6.36  60.20
6.38  60.10
6.39  60.00
6.41  60.00
6.42  60.00
6.43  60.00
6.45  60.10
6.46  60.00
6.47  59.70
6.49  60.10
6.50  59.90
6.51  59.60
6.53  59.90
6.54  59.80
6.55  59.60
6.57  59.90
6.58  59.80
6.59  59.60
6.61  59.60
6.62  378.80
6.64  221.20
6.65  140.70
6.67  112.50
6.68  98.30
6.69  90.20
6.71  85.00
6.72  80.80
6.73  77.70
6.75  75.50
6.76  73.50
6.77  71.70
6.79  70.80
6.80  69.70
6.81  68.20
6.83  68.00
6.84  67.00
6.86  66.40
6.87  66.10
6.88  65.40
6.90  64.60
6.91  64.60
6.92  64.20
6.94  63.90
6.95  63.90
6.96  63.40
6.98  63.20
6.99  63.00
7.00  63.00
7.02  62.50
7.03  62.60
7.05  62.30
7.06  62.20
7.07  61.70
7.09  62.00
7.10  61.70
7.11  61.50
7.13  61.60
7.14  61.40
7.15  61.00
7.17  61.10
7.18  61.00
7.19  61.00
7.21  61.00
7.22  61.00
7.23  61.00
7.25  60.90
7.26  60.90
7.27  60.70
7.29  60.80
7.30  60.80
7.32  60.80
7.33  60.60
7.34  60.40
7.36  60.30
7.37  60.40
7.38  60.50
7.40  60.20
7.41  60.30
7.42  60.50
7.44  60.20
7.45  60.00
7.46  60.10
7.48  60.10
7.49  60.10
7.50  60.10
7.52  60.10
7.53  60.10
7.54  60.00
7.56  60.00
7.57  59.90
7.59  60.00
7.60  59.70
7.61  59.90
7.63  59.50
7.64  402.30
7.65  168.50
7.67  124.20
7.68  104.80
7.70  93.70
7.71  87.30
7.73  82.70
7.74  79.20
7.75  76.80
7.76  74.90
7.78  72.90
7.79  71.20
7.80  70.20
7.82  69.40
7.83  68.10
7.85  67.90
7.86  66.70
7.87  66.40
7.89  65.80
7.90  65.20
7.91  65.00
7.93  64.80
7.94  64.20
7.95  64.10
7.97  64.00
7.98  63.50
8.00  63.10
8.01  63.10
8.02  63.10
8.04  62.80
8.05  62.50
8.06  62.40
8.08  62.30
8.09  62.20
8.10  62.20
8.12  62.10
8.13  61.80
8.14  61.70
8.16  61.40
8.17  61.40
8.18  61.70
8.20  61.00
8.21  61.40
8.22  61.40
8.24  61.30
8.25  61.10
8.27  61.10
8.28  61.00
8.29  60.90
8.31  61.00
8.32  60.90
8.33  61.00
8.35  60.70
8.36  60.80
8.37  60.90
8.39  60.70
8.40  60.40
8.41  60.80
8.43  60.80
8.44  60.60
8.46  60.80
8.47  60.60
8.48  60.80
8.50  60.70
8.51  60.70
8.52  60.70
8.54  60.60
8.55  60.40
8.56  60.60
8.58  60.20
8.59  60.20
8.60  60.30
8.62  60.30
8.63  60.30
8.64  403.40
8.66  212.90
8.67  138.90
8.69  112.50
8.70  98.50
8.72  90.80
8.73  85.20
8.74  81.40
8.76  78.40
8.77  76.30
8.78  74.30
8.80  72.60
8.81  71.60
8.82  70.50
8.84  69.10
8.85  68.50
8.86  68.10
8.88  67.00
8.89  66.60
8.90  66.60
8.92  65.80
8.93  65.30
8.94  65.00
8.96  64.80
8.97  64.30
8.99  64.10
9.00  63.70
9.01  63.40
9.03  63.70
9.04  63.50
9.05  63.10
9.07  63.00
9.08  62.90
9.09  62.80
9.11  62.80
9.12  62.40
9.14  62.70
9.15  62.10
9.16  62.20
9.18  62.00
9.19  62.20
9.20  62.00
9.22  61.80
9.23  62.00
9.24  61.50
9.26  61.80
9.27  61.60
9.28  61.70
9.30  61.50
9.31  61.40
9.32  61.30
9.34  61.50
9.35  61.10
9.36  61.20
9.38  61.00
9.39  61.20
9.40  61.10
9.42  61.30
9.43  61.00
9.45  61.00
9.46  61.00
9.47  60.90
9.49  60.80
9.50  60.90
9.51  60.70
9.53  61.00
9.54  60.80
9.55  60.80
9.57  60.80
9.58  60.70
9.59  60.60
9.61  60.90
9.62  60.50
9.64  60.50
9.65  60.50
9.66  356.50
9.68  164.80
9.69  123.50
9.71  104.80
9.72  94.10
9.73  87.70
9.75  83.20
9.76  79.70
9.77  77.10
9.79  75.10
9.80  73.50
9.81  72.00
9.83  71.00
9.84  69.70
9.86  68.90
9.87  68.10
9.88  67.60
9.90  66.90
9.91  66.50
9.92  66.00
9.94  65.60
9.95  65.20
9.96  65.10
9.98  64.50
9.99  64.20
10.00  64.10
10.02  63.80
10.03  63.40
10.05  63.60
10.06  63.20
10.08  63.10
10.09  63.00
10.11  62.70
10.12  62.90
10.14  62.30
10.15  62.40
10.17  62.20
10.18  62.10
10.19  61.80
10.21  61.90
10.22  61.90
10.24  61.80
10.25  61.60
10.27  61.50
10.28  61.60
10.30  61.80
10.31  61.40
10.32  61.30
10.34  61.20
10.35  61.30
10.37  61.00
10.38  61.20
10.40  61.00
10.41  61.00
10.43  61.10
10.44  60.90
10.46  61.00
10.47  61.10
10.48  60.90
10.50  60.80
10.51  60.80
10.53  60.80
10.54  60.80
10.56  60.70
10.57  60.50
10.59  60.90
10.60  60.50
10.61  60.50
10.63  60.50
10.65  60.60
10.66  60.40
10.67  321.90
10.69  156.40
10.71  118.20
10.72  100.70
10.74  91.10
10.75  85.70
10.77  81.30
10.78  78.20
10.80  75.50
10.81  73.70
10.82  72.30
10.84  71.00
10.85  69.60
10.87  69.00
10.88  68.30
10.90  67.20
10.91  66.80
10.93  66.50
10.94  65.80
10.95  65.10
10.97  65.00
10.98  64.80
11.00  64.30
11.01  64.00
11.03  63.80
11.04  63.90
11.06  63.30
11.07  63.10
11.09  63.40
11.10  63.00
11.11  62.50
11.13  62.60
11.14  62.20
11.16  61.90
11.17  62.00
11.19  62.00
11.20  61.90
11.22  62.00
11.23  61.70
11.25  61.50
11.26  61.40
11.27  61.10
11.29  61.40
11.30  61.20
11.32  61.10
11.33  61.10
11.35  61.00
11.36  61.00
11.38  60.90
11.39  61.00
11.41  61.00
11.42  60.90
11.44  60.90
11.45  60.80
11.46  61.00
11.48  60.80
11.49  60.40
11.51  60.90
11.52  60.70
11.54  60.40
11.55  60.70
11.57  60.50
11.58  60.40
11.60  60.40
11.61  60.30
11.62  60.60
11.64  60.30
11.65  60.40
11.67  60.20
11.68  430.40
11.70  165.90
11.71  121.50
11.73  102.70
11.75  92.30
11.76  86.10
11.77  81.60
11.79  78.50
11.80  76.10
11.82  74.00
11.83  72.30
11.85  71.10
11.86  70.10
11.88  69.10
11.89  68.20
11.91  67.80
11.92  66.80
11.93  66.40
11.95  65.70
11.96  65.50
11.98  65.00
11.99  64.60
12.01  64.50
12.02  64.10
12.04  63.80
12.05  63.50
12.06  63.70
12.08  63.50
12.09  62.90
12.11  63.10
12.12  63.20
12.14  63.10
12.15  62.50
12.17  62.50
12.18  62.20
12.20  62.40
12.21  62.00
12.23  62.20
12.24  62.20
12.26  61.80
12.27  61.80
12.28  61.80
12.30  61.90
12.31  61.60
12.33  61.80
12.34  61.60
12.36  61.30
12.37  61.20
12.39  61.40
12.40  61.60
12.41  61.20
12.43  61.30
12.44  61.60
12.46  61.20
12.47  61.20
12.49  61.00
12.50  61.10
12.52  61.10
12.53  61.10
12.55  61.30
12.56  61.00
12.57  61.20
12.59  60.90
12.60  61.20
12.62  61.30
12.63  61.00
12.65  61.10
12.66  61.10
12.68  61.00
12.69  459.10
12.71  177.40
12.72  126.00
12.74  105.10
12.75  93.80
12.77  87.30
12.78  82.70
12.80  79.40
12.81  76.70
12.83  74.70
12.84  73.00
12.86  71.50
12.87  70.20
12.88  69.40
12.90  68.80
12.91  67.90
12.93  67.10
12.94  66.70
12.96  66.20
12.97  65.80
12.99  65.20
13.00  65.00
13.02  64.70
13.03  64.20
13.05  64.20
13.06  64.00
13.07  63.90
13.09  63.40
13.10  63.30
13.12  63.00
13.13  63.10
13.15  62.80
13.16  62.70
13.18  62.60
13.19  62.20
13.21  62.40
13.22  62.10
13.23  61.90
13.25  62.00
13.26  61.90
13.28  61.90
13.29  61.60
13.31  61.90
13.32  61.50
13.34  61.80
13.35  61.30
13.37  61.50
13.38  61.30
13.39  61.60
13.41  61.10
13.42  61.30
13.44  61.50
13.45  61.10
13.47  61.00
13.48  61.10
13.50  61.00
13.51  60.80
13.53  61.10
13.54  61.10
13.55  61.00
13.57  60.70
13.58  61.10
13.60  60.80
13.61  60.70
13.63  60.80
13.64  61.00
13.66  60.80
13.67  60.50
13.69  60.50
13.70  434.10
13.72  191.20
13.73  129.90
13.75  107.30
13.76  95.10
13.78  88.00
13.79  83.30
13.81  79.90
13.82  76.80
13.84  74.70
13.85  73.10
13.86  71.80
13.88  70.30
13.89  69.40
13.91  68.60
13.92  67.90
13.94  67.40
13.95  66.70
13.97  66.30
13.98  65.70
14.00  65.60
14.01  64.90
14.02  64.80
14.04  64.30
14.05  64.20
14.07  64.10
14.08  64.00
14.10  63.70
14.11  63.70
14.13  63.10
14.14  63.10
14.15  63.00
14.17  62.90
14.19  62.80
14.20  62.80
14.21  62.50
14.23  62.50
14.24  62.10
14.26  62.20
14.27  62.30
14.29  62.10
14.30  62.20
14.32  61.90
14.33  61.80
14.35  62.00
14.36  61.90
14.37  61.40
14.39  61.50
14.40  61.80
14.42  61.70
14.43  61.70
14.45  61.30
14.46  61.20
14.48  61.30
14.49  61.20
14.51  61.10
14.52  61.30
14.53  61.20
14.55  61.00
14.56  61.20
14.58  61.20
14.59  61.00
14.61  61.10
14.62  61.00
14.64  60.80
14.65  61.10
14.67  61.00
14.68  61.00
14.69  60.60
14.71  389.50
14.73  209.00
14.74  135.20
14.76  109.50
14.77  96.20
14.79  89.00
14.80  83.60
14.81  80.10
14.83  77.20
14.84  75.30
14.86  73.30
14.87  71.90
14.89  70.80
14.90  70.00
14.92  68.70
14.93  68.10
14.95  67.00
14.96  66.90
14.98  66.20
14.99  65.90
15.00  65.60
15.02  65.20
15.03  64.90
15.05  64.50
15.06  64.30
15.08  64.10
15.09  63.80
15.11  63.60
15.12  63.40
15.14  63.00
15.15  63.10
15.17  63.00
15.18  62.80
15.19  62.80
15.21  62.40
15.22  62.50
15.24  62.30
15.25  62.30
15.27  62.40
15.28  62.30
15.30  62.10
15.31  62.00
15.32  61.80
15.34  61.70
15.35  61.70
15.37  61.80
15.38  61.80
15.40  61.30
15.41  61.50
15.43  61.50
15.44  61.20
15.46  61.50
15.47  61.30
15.48  61.20
15.50  61.20
15.51  61.40
15.53  61.00
15.54  61.20
15.56  60.90
15.57  60.90
15.59  61.00
15.60  61.10
15.62  61.10
15.63  60.60
15.65  60.90
15.66  61.00
15.67  60.90
15.69  60.80
15.70  60.80
15.72  289.10
15.73  231.80
15.75  140.90
15.77  112.00
15.78  97.90
15.80  90.00
15.81  84.40
15.82  81.00
15.84  77.70
15.85  75.40
15.87  73.70
15.88  72.00
15.90  71.00
15.91  69.60
15.93  69.00
15.94  68.20
15.96  67.60
15.97  67.00
15.98  66.80
16.00  65.90
16.01  65.40
16.03  65.20
16.04  65.20
16.06  64.70
16.07  64.30
16.09  64.20
16.10  64.10
16.11  63.70
16.13  63.40
16.14  63.40
16.16  63.10
16.17  63.00
16.19  62.90
16.20  62.80
16.22  62.90
16.23  62.70
16.25  62.40
16.26  62.70
16.27  62.10
16.29  62.10
16.30  62.20
16.32  62.30
16.33  62.10
16.35  61.90
16.36  62.00
16.38  61.90
16.39  61.60
16.41  61.90
16.42  62.00
16.44  61.70
16.45  61.20
16.46  61.20
16.48  61.80
16.49  61.80
16.51  61.10
16.52  61.50
16.54  61.40
16.55  61.10
16.57  61.10
16.58  61.30
16.59  61.20
16.61  61.00
16.62  61.20
16.64  61.00
16.65  60.90
16.67  61.00
16.68  60.80
16.70  60.70
16.71  61.00
16.73  64.10
16.74  283.20
16.76  151.00
16.77  116.10
16.79  100.20
16.80  90.80
16.82  85.20
16.83  81.00
16.85  78.20
16.86  76.10
16.88  73.90
16.89  72.30
16.91  71.30
16.92  70.30
16.93  69.40
16.95  68.30
16.96  67.80
16.98  67.20
16.99  66.60
17.01  65.90
17.02  65.90
17.04  65.40
17.05  65.10
17.06  64.50
17.08  64.50
17.09  64.20
17.11  63.90
17.12  63.90
17.14  63.70
17.15  63.30
17.17  63.10
17.18  63.30
17.20  63.20
17.21  62.80
17.23  62.50
17.24  62.70
17.25  62.70
17.27  62.20
17.28  62.30
17.30  62.40
17.31  62.20
17.33  62.00
17.34  62.20
17.36  62.00
17.37  61.90
17.39  61.70
17.40  61.70
17.42  61.80
17.43  61.40
17.44  61.40
17.46  61.80
17.47  61.30
17.49  61.30
17.50  61.30
17.52  61.30
17.53  61.40
17.55  61.40
17.56  61.20
17.57  61.10
17.59  61.20
17.60  61.40
17.62  61.40
17.63  61.10
17.65  61.10
17.66  61.00
17.68  61.20
17.69  60.80
17.71  60.90
17.72  61.00
17.73  60.90
17.75  343.80
17.77  159.30
17.78  119.70
17.80  102.00
17.81  91.80
17.83  86.10
17.84  82.10
17.86  78.50
17.87  76.10
17.89  74.10
17.90  72.80
17.91  71.10
17.93  70.10
17.94  69.50
17.96  68.40
17.97  67.80
17.99  67.10
18.00  66.70
18.02  66.20
18.03  65.80
18.04  65.40
18.06  65.20
18.07  64.70
18.09  64.50
18.10  64.40
18.12  64.00
18.13  64.00
18.15  63.70
18.16  63.70
18.18  63.30
18.19  63.10
18.20  63.20
18.22  63.30
18.23  62.80
18.25  62.70
18.26  62.70
18.28  62.50
18.29  62.10
18.31  62.30
18.32  62.20
18.34  62.10
18.35  61.90
18.37  61.90
18.38  62.00
18.39  62.10
18.41  61.60
18.42  61.80
18.44  61.90
18.45  61.50
18.47  61.70
18.48  61.50
18.50  61.80
18.51  61.30
18.53  61.20
18.54  61.40
18.55  61.20
18.57  61.20
18.58  61.30
18.60  61.20
18.61  61.40
18.63  61.20
18.64  61.10
18.66  60.90
18.67  60.90
18.69  60.90
18.70  61.40
18.71  61.00
18.73  60.90
18.74  60.90
18.76  463.80
18.77  169.30
18.79  123.00
18.80  103.60
18.82  93.30
18.84  86.70
18.85  82.20
18.86  79.10
18.88  76.70
18.89  74.50
18.91  72.60
18.92  71.70
18.94  70.60
18.95  69.40
18.97  68.80
18.98  67.90
19.00  67.10
19.01  66.70
19.02  66.20
19.04  65.90
19.05  65.60
19.07  65.10
19.08  65.00
19.10  64.80
19.11  64.00
19.13  64.00
19.14  63.90
19.16  63.30
19.17  63.30
19.18  63.20
19.20  63.10
19.21  62.90
19.23  62.90
19.24  62.90
19.26  62.70
19.27  62.40
19.29  62.70
19.30  62.60
19.32  62.40
19.33  62.30
19.34  61.90
19.36  62.00
19.37  62.00
19.39  61.80
19.40  61.90
19.42  61.80
19.43  61.50
19.45  61.50
19.46  61.50
19.48  61.30
19.49  61.30
19.51  61.30
19.52  61.50
19.53  61.30
19.55  61.20
19.56  60.90
19.58  61.10
19.59  61.00
19.61  61.00
19.62  61.10
19.64  60.90
19.65  61.00
19.67  61.00
19.68  61.10
19.69  60.70
19.71  60.80
19.72  61.00
19.74  61.00
19.75  60.90
19.77  453.00
19.78  181.40
19.80  127.20
19.81  105.80
19.83  94.10
19.84  87.60
19.86  82.90
19.87  79.20
19.89  76.70
19.90  74.80
19.92  72.80
19.93  71.60
19.95  70.50
19.96  69.60
19.98  68.70
19.99  67.90
20.00  67.30
20.02  66.80
20.03  66.20
20.05  65.80
20.06  65.60
20.08  65.00
20.09  64.60
20.11  64.40
20.12  64.00
20.13  64.10
20.15  63.90
20.17  63.80
20.18  63.50
20.19  63.20
20.21  63.10
20.22  63.00
20.24  63.00
20.25  62.80
20.27  62.60
20.28  62.50
20.30  62.30
20.31  62.30
20.32  62.20
20.34  62.10
20.35  62.00
20.37  62.00
20.38  62.00
20.40  61.90
20.41  61.90
20.43  61.40
20.44  61.70
20.46  61.50
20.47  61.40
20.49  61.60
20.50  61.20
20.51  61.20
20.53  61.40
20.54  61.00
20.56  61.40
20.57  61.00
20.59  61.20
20.60  61.10
20.62  61.00
20.63  60.90
20.64  60.90
20.66  61.00
20.67  61.00
20.69  60.90
20.70  61.00
20.72  60.80
20.73  60.90
20.75  61.10
20.76  60.60
20.78  423.70
20.79  195.80
20.81  131.80
20.82  107.90
20.84  95.50
20.85  88.20
20.87  83.30
20.88  80.10
20.90  77.00
20.91  75.00
20.93  73.40
20.94  72.00
20.96  70.60
20.97  69.70
20.98  68.80
21.00  68.10
21.01  67.10
21.03  66.80
21.04  66.40
21.06  65.50
21.07  65.10
21.09  65.10
21.10  64.60
21.11  64.20
21.13  64.30
21.14  64.10
21.16  63.70
21.17  63.40
21.19  63.40
21.20  63.20
21.22  63.00
21.23  62.80
21.25  62.70
21.26  62.60
21.27  62.40
21.29  62.20
21.30  62.30
21.32  62.10
21.33  61.70
21.35  61.90
21.36  61.50
21.38  61.50
21.39  61.30
21.41  61.40
21.42  61.10
21.44  61.10
21.45  61.00
21.46  61.00
21.48  60.90
21.49  61.00
21.51  60.60
21.52  60.90
21.54  60.60
21.55  60.60
21.57  60.30
21.58  60.50
21.60  60.30
21.61  60.30
21.62  60.30
21.64  60.20
21.65  60.10
21.67  60.00
21.68  60.20
21.70  60.00
21.71  59.90
21.73  60.00
21.74  60.00
21.76  59.80
21.77  59.90
21.78  367.80
21.80  214.50
21.82  136.10
21.83  109.30
21.85  96.10
21.86  88.50
21.88  83.00
21.89  79.60
21.91  76.50
21.92  74.40
21.93  72.40
21.95  71.20
21.96  70.00
21.98  68.90
21.99  67.70
22.01  67.00
22.02  66.70
22.04  66.10
22.05  65.20
22.07  65.00
22.08  64.70
22.09  64.20
22.11  63.80
22.12  63.80
22.14  63.60
22.15  63.00
22.17  62.70
22.18  62.90
22.20  62.80
22.21  62.70
22.23  62.30
22.24  62.10
22.25  62.00
22.27  61.60
22.28  61.90
22.30  61.40
22.31  61.30
22.33  61.40
22.34  61.40
22.36  61.10
22.37  61.00
22.39  61.00
22.40  61.00
22.42  60.50
22.43  60.90
22.44  60.80
22.46  60.60
22.47  60.40
22.49  60.40
22.50  60.60
22.52  60.40
22.53  60.50
22.55  60.50
22.56  60.40
22.58  60.10
22.59  60.00
22.60  60.20
22.62  60.10
22.63  60.10
22.65  60.00
22.66  60.30
22.68  59.90
22.69  59.90
22.71  59.90
22.72  59.90
22.73  60.10
22.75  59.70
22.76  59.90
22.78  60.00
22.79  234.50
22.81  239.10
22.82  142.10
22.84  112.10
22.86  97.40
22.87  89.10
22.89  83.90
22.90  80.10
22.92  77.00
22.93  74.80
22.94  73.00
22.96  71.20
22.97  69.90
22.99  69.00
23.00  68.00
23.02  67.10
23.03  66.40
23.05  65.90
23.06  65.50
23.07  65.10
23.09  64.60
23.10  64.20
23.12  64.00
23.13  63.70
23.15  63.30
23.16  63.30
23.18  62.90
23.19  63.00
23.20  62.40
23.22  62.60
23.23  62.30
23.25  62.00
23.26  62.00
23.28  61.90
23.29  61.90
23.31  61.80
23.32  61.50
23.34  61.30
23.35  61.30
23.37  61.20
23.38  61.00
23.39  61.00
23.41  60.90
23.42  61.00
23.44  60.90
23.45  60.80
23.47  60.80
23.48  60.80
23.50  60.50
23.51  60.20
23.53  60.40
23.54  60.40
23.56  60.40
23.57  60.30
23.58  60.30
23.60  60.10
23.61  60.10
23.63  60.10
23.64  60.30
23.66  60.10
23.67  60.20
23.69  59.80
23.70  60.00
23.71  60.10
23.73  59.80
23.75  59.90
23.76  59.90
23.77  59.60
23.79  59.70
23.80  59.70
23.82  296.80
23.83  152.50
23.85  116.20
23.86  100.10
23.88  90.30
23.89  84.50
23.91  80.40
23.92  77.70
23.94  75.10
23.95  73.10
23.97  71.30
23.98  70.40
24.00  69.20
24.01  68.20
24.03  67.50
24.04  66.70
24.05  66.00
24.07  65.60
24.08  65.20
24.10  64.70
24.11  64.20
24.13  63.80
24.14  63.70
24.16  63.60
24.17  63.10
24.18  62.80
24.20  62.80
24.21  62.80
24.23  62.50
24.24  62.30
24.26  62.00
24.27  61.80
24.29  62.00
24.30  61.90
24.32  61.70
24.33  61.40
24.35  61.20
24.36  61.20
24.37  61.20
24.39  61.10
24.40  61.30
24.42  61.00
24.43  61.00
24.45  60.60
24.46  60.80
24.48  60.80
24.49  60.50
24.51  60.60
24.52  60.40
24.53  60.30
24.55  60.10
24.56  60.20
24.58  60.10
24.59  59.90
24.61  60.10
24.62  60.00
24.64  60.10
24.65  60.00
24.67  60.00
24.68  60.00
24.69  60.10
24.71  60.00
24.72  60.00
24.74  59.90
24.75  59.90
24.77  59.90
24.78  60.00
24.80  59.90
24.81  60.00
24.83  371.30
24.84  161.50
24.86  119.70
24.87  101.10
24.89  91.60
24.90  85.40
24.92  80.90
24.93  77.80
24.95  75.10
24.96  73.20
24.98  71.70
24.99  70.20
25.00  69.40
25.02  68.20
25.03  67.50
25.05  66.80
25.06  66.20
25.08  65.70
25.09  65.20
25.11  64.80
25.12  64.50
25.14  64.10
25.15  63.90
25.17  63.80
25.18  63.20
25.19  63.00
25.21  62.90
25.22  62.80
25.24  62.50
25.25  62.40
25.27  62.10
25.28  62.30
25.30  61.90
25.31  62.00
25.32  61.90
25.34  61.80
25.35  61.70
25.37  61.40
25.38  61.60
25.40  61.50
25.41  61.30
25.43  61.00
25.44  61.20
25.46  61.20
25.47  61.00
25.49  61.20
25.50  61.10
25.51  60.90
25.53  60.80
25.54  61.10
25.56  60.80
25.57  60.70
25.59  60.90
25.60  60.90
25.62  60.80
25.63  60.60
25.65  60.90
25.66  61.00
25.67  60.60
25.69  60.50
25.70  60.60
25.72  60.30
25.73  60.90
25.75  60.40
25.76  60.40
25.78  60.50
25.79  60.20
25.81  60.00
25.82  60.20
25.83  466.00
25.85  172.20
25.87  123.90
25.88  104.10
25.90  93.00
25.91  86.70
25.93  82.00
25.94  78.90
25.96  76.10
25.97  74.20
25.98  72.40
26.00  71.00
26.01  69.90
26.03  69.10
26.04  68.30
26.06  67.30
26.07  67.10
26.09  66.50
26.10  65.60
26.12  65.20
26.13  64.90
26.14  64.70
26.16  64.30
26.17  64.10
26.19  63.80
26.20  63.80
26.22  63.70
26.23  63.30
26.25  63.10
26.26  63.00
26.28  62.90
26.29  62.40
26.30  62.50
26.32  62.50
26.33  62.00
26.35  62.10
26.36  62.10
26.38  62.00
26.39  62.00
26.41  61.80
26.42  61.90
26.44  61.60
26.45  61.80
26.46  61.60
26.48  61.70
26.49  61.30
26.51  61.00
26.52  61.50
26.54  61.20
26.55  61.20
26.57  61.00
26.58  61.10
26.60  61.00
26.61  61.20
26.63  61.10
26.64  60.90
26.65  61.00
26.67  60.70
26.68  60.60
26.70  60.80
26.71  60.90
26.73  60.90
26.74  60.90
26.76  60.50
26.77  60.90
26.78  60.90
26.80  60.80
26.81  60.90
26.83  60.50
26.84  445.70
26.86  185.50
26.87  128.30
26.89  106.20
26.91  94.30
26.92  87.80
26.93  83.00
26.95  79.60
26.96  76.80
26.98  74.80
26.99  73.10
27.01  71.20
27.02  70.50
27.04  69.50
27.05  68.60
27.07  67.70
27.08  67.30
27.10  66.60
27.11  66.00
27.12  65.90
27.14  65.60
27.15  65.00
27.17  64.70
27.18  64.60
27.20  64.10
27.21  63.80
27.23  63.80
27.24  63.70
27.25  63.60
27.27  63.20
27.28  63.20
27.30  63.00
27.31  62.70
27.33  62.60
27.34  62.60
27.36  62.50
27.37  62.00
27.39  62.40
27.40  62.30
27.42  62.00
27.43  62.00
27.44  62.00
27.46  62.10
27.47  62.10
27.49  61.90
27.50  61.90
27.52  61.60
27.53  61.60
27.55  61.60
27.56  61.70
27.58  61.40
27.59  61.40
27.61  61.30
27.62  61.10
27.63  61.10
27.65  61.00
27.66  61.20
27.68  61.20
27.69  61.10
27.71  60.90
27.72  61.00
27.74  61.10
27.75  60.90
27.76  60.80
27.78  61.00
27.79  60.90
27.81  61.00
27.82  60.90
27.84  60.90
27.85  411.40
27.87  201.10
27.88  133.20
27.90  108.60
27.92  95.70
27.93  88.30
27.94  83.70
27.96  80.10
27.97  77.30
27.99  75.10
28.00  73.20
28.02  72.00
28.03  70.70
28.05  69.60
28.06  69.00
28.08  68.10
28.09  67.30
28.10  67.10
28.12  66.40
28.13  65.70
28.15  65.40
28.16  65.20
28.18  65.10
28.19  64.50
28.21  64.20
28.22  64.10
28.23  64.00
28.25  63.60
28.26  63.80
28.28  63.40
28.29  63.10
28.31  63.10
28.32  63.00
28.34  62.90
28.35  62.70
28.37  62.90
28.38  62.60
28.39  62.30
28.41  62.30
28.42  62.20
28.44  62.00
28.45  61.90
28.47  62.00
28.48  61.80
28.50  61.90
28.51  61.90
28.53  61.50
28.54  61.70
28.56  61.30
28.57  61.30
28.58  61.30
28.60  61.80
28.61  61.10
28.63  61.20
28.64  61.30
28.66  61.30
28.67  61.20
28.69  61.10
28.70  61.10
28.72  61.10
28.73  61.00
28.75  61.10
28.76  61.00
28.77  61.00
28.79  60.90
28.80  60.70
28.82  61.10
28.83  60.70
28.85  60.90
28.86  341.30
28.88  221.70
28.89  138.40
28.91  111.00
28.92  97.30
28.94  89.80
28.95  84.10
28.97  80.30
28.98  77.80
29.00  75.50
29.01  73.50
29.03  72.10
29.04  71.00
29.05  70.00
29.07  68.90
29.08  68.50
29.10  67.70
29.11  66.90
29.13  66.30
29.14  66.00
29.16  65.90
29.17  65.00
29.19  65.00
29.20  64.80
29.21  64.20
29.23  64.10
29.24  64.00
29.26  63.80
29.27  63.60
29.29  63.10
29.30  63.10
29.32  63.10
29.33  63.00
29.35  62.80
29.36  62.70
29.37  62.60
29.39  62.30
29.40  62.10
29.42  62.30
29.43  62.20
29.45  61.90
29.46  62.10
29.48  61.90
29.49  61.80
29.51  61.80
29.52  61.80
29.54  61.70
29.55  61.80
29.56  61.60
29.58  61.70
29.59  61.30
29.61  61.50
29.62  61.40
29.64  61.50
29.65  61.30
29.67  61.30
29.68  61.30
29.70  61.20
29.71  61.00
29.72  61.10
29.74  61.00
29.75  61.00
29.77  61.10
29.78  61.00
29.80  61.10
29.81  61.10
29.83  60.90
29.84  61.00
29.85  60.80
29.87  151.00
29.89  249.00
29.90  144.90
29.92  113.80
29.93  98.70
29.95  90.60
29.96  85.10
29.98  80.90
29.99  77.80
30.01  75.70
30.02  74.10
30.03  72.00
30.05  71.00
30.06  70.00
30.08  69.10
30.09  68.40
30.11  67.50
30.12  67.00
30.14  66.50
30.15  66.10
30.17  65.90
30.18  65.10
30.19  65.10
30.21  65.00
30.22  64.40
30.24  64.30
30.25  64.00
30.27  64.00
30.28  63.30
30.30  63.50
30.31  63.10
30.32  63.10
30.34  63.10
30.35  62.90
30.37  62.90
30.38  62.50
30.40  62.60
30.41  62.50
30.43  62.10
30.44  62.00
30.46  62.10
30.47  62.00
30.49  61.80
30.50  61.80
30.51  61.90
30.53  61.80
30.54  61.50
30.56  61.60
30.57  61.50
30.59  61.30
30.60  61.40
30.62  61.50
30.63  61.50
30.65  61.00
30.66  61.10
30.67  61.20
30.69  61.00
30.70  61.10
30.72  61.10
30.73  61.10
30.75  61.10
30.76  61.00
30.78  61.10
30.79  60.90
30.81  61.00
30.82  60.80
30.83  60.90
30.85  61.00
30.86  60.70
30.88  60.80
30.89  315.00
30.91  155.60
30.92  118.10
30.94  101.20
30.96  91.60
30.97  85.50
30.98  81.40
31.00  78.50
31.01  76.10
31.03  74.10
31.04  72.50
31.06  71.20
31.07  70.20
31.09  69.20
31.10  68.40
31.12  67.80
31.13  67.00
31.14  66.60
31.16  66.10
31.17  65.60
31.19  65.10
31.20  65.00
31.22  64.70
31.23  64.40
31.25  64.20
31.26  64.10
31.28  63.80
31.29  63.80
31.30  63.30
31.32  63.20
31.33  63.00
31.35  62.70
31.36  62.80
31.38  62.90
31.39  62.40
31.41  62.40
31.42  62.40
31.44  62.50
31.45  62.00
31.47  62.10
31.48  62.20
31.50  61.90
31.51  61.40
31.52  62.00
31.54  61.80
31.55  61.80
31.57  61.50
31.58  61.50
31.60  61.40
31.61  61.50
31.63  61.10
31.64  61.50
31.65  61.20
31.67  61.00
31.68  61.00
31.70  61.00
31.71  61.10
31.73  60.80
31.74  61.00
31.76  61.00
31.77  60.90
31.78  60.90
31.80  60.70
31.81  60.80
31.83  60.60
31.84  60.70
31.86  60.60
31.87  60.40
31.89  60.40
31.90  411.80
31.92  164.70
31.93  121.40
31.95  102.90
31.96  92.30
31.98  86.10
31.99  81.70
32.01  78.80
32.02  76.20
32.04  74.20
32.04  74.20
32.05  72.70
32.07  71.00
32.08  70.00
32.10  69.10
32.11  68.10
32.12  67.60
32.14  67.10
32.15  66.30
32.17  65.90
32.18  65.80
32.20  65.20
32.21  64.80
32.23  64.50
32.24  64.60
32.26  64.10
32.27  63.90
32.29  63.80
32.30  63.40
32.31  63.10
32.33  63.00
32.34  63.30
32.36  62.90
32.37  62.50
32.39  62.80
32.40  62.60
32.42  62.40
32.43  62.10
32.45  61.80
32.46  62.30
32.47  61.90
32.49  61.90
32.50  61.90
32.52  61.90
32.53  61.70
32.55  61.50
32.56  61.90
32.58  61.50
32.59  61.20
32.61  61.40
32.62  61.60
32.63  61.10
32.65  61.20
32.66  61.00
32.68  61.00
32.69  60.90
32.71  61.10
32.72  60.90
32.74  60.80
32.75  61.00
32.77  60.80
32.78  61.00
32.79  60.90
32.81  60.90
32.82  60.80
32.84  60.80
32.85  60.70
32.87  60.80
32.88  61.00
32.90  60.70
32.91  460.80
32.93  175.70
32.94  125.40
32.96  104.70
32.97  93.90
32.99  87.00
33.00  82.50
33.02  79.10
33.03  76.30
33.05  74.30
33.06  72.80
33.08  71.30
33.09  70.10
33.10  69.20
33.12  68.30
33.13  67.50
33.15  67.00
33.16  66.40
33.18  66.30
33.19  65.60
33.21  65.10
33.22  65.00
33.24  64.60
33.25  64.20
33.27  64.00
33.28  63.80
33.29  63.60
33.31  63.30
33.32  63.10
33.34  63.10
33.35  63.00
33.37  62.70
33.38  62.70
33.40  62.50
33.41  62.40
33.43  62.10
33.44  62.20
33.45  62.10
33.47  61.90
33.48  61.90
33.50  62.00
33.51  61.90
33.53  61.60
33.54  61.50
33.56  61.20
33.57  61.20
33.59  61.40
33.60  61.50
33.61  61.30
33.63  61.20
33.64  61.30
33.66  61.10
33.67  61.10
33.69  60.90
33.70  61.10
33.72  60.80
33.73  60.80
33.75  61.10
33.76  61.00
33.77  61.00
33.79  60.80
33.80  60.60
33.82  60.80
33.83  60.80
33.85  60.50
33.86  60.70
33.88  60.80
33.89  60.50
33.90  60.70
33.92  437.50
33.94  189.40
33.95  129.30
33.97  106.70
33.98  95.00
34.00  87.60
34.01  83.00
34.03  79.40
34.04  76.80
34.06  74.80
34.07  72.80
34.08  71.40
34.10  70.50
34.11  69.50
34.13  68.40
34.14  68.10
34.16  67.20
34.17  66.90
34.19  66.20
34.20  65.70
34.22  65.00
34.23  65.00
34.24  64.90
34.26  64.30
34.27  64.20
34.29  63.80
34.30  63.60
34.32  63.70
34.33  63.20
34.35  63.10
34.36  63.30
34.38  63.00
34.39  62.40
34.40  62.70
34.42  62.50
34.43  62.20
34.45  62.20
34.46  62.10
34.48  61.90
34.49  62.20
34.51  61.70
34.52  61.80
34.54  62.00
34.55  61.70
34.56  61.50
34.58  61.70
34.59  61.60
34.61  61.50
34.62  61.20
34.64  61.20
34.65  61.20
34.67  61.20
34.68  61.20
34.70  61.00
34.71  60.80
34.72  61.00
34.74  61.10
34.75  61.00
34.77  60.80
34.78  60.90
34.80  60.90
34.81  60.80
34.83  60.50
34.84  60.90
34.86  61.00
34.87  60.60
34.88  60.70
34.90  60.80
34.91  61.00
34.93  396.00
34.95  206.40
34.96  134.70
34.97  109.00
34.99  95.90
35.01  88.80
35.02  83.60
35.04  80.20
35.05  77.10
35.06  75.20
35.08  73.30
35.09  71.60
35.11  70.20
35.12  69.60
35.14  68.70
35.15  67.80
35.17  67.10
35.18  66.70
35.20  66.30
35.21  66.00
35.22  65.50
35.24  65.00
35.25  64.60
35.27  64.20
35.28  64.20
35.30  63.80
35.31  63.40
35.33  63.20
35.34  63.40
35.36  63.10
35.37  62.80
35.38  62.80
35.40  62.90
35.41  62.10
35.43  62.40
35.44  62.40
35.46  62.30
35.47  62.30
35.49  61.90
35.50  62.00
35.52  61.40
35.53  61.60
35.54  61.90
35.56  61.80
35.57  61.40
35.59  61.20
35.60  61.30
35.62  61.70
35.63  61.40
35.65  61.20
35.66  61.10
35.68  60.90
35.69  61.20
35.70  61.20
35.72  61.20
35.73  60.90
35.75  60.90
35.76  60.90
35.78  61.00
35.79  60.80
35.81  60.70
35.82  61.00
35.84  60.90
35.85  60.60
35.87  60.80
35.88  60.80
35.89  60.70
35.91  60.60
35.92  60.60
35.94  306.10
35.95  228.60
35.97  140.10
35.98  111.70
36.00  97.60
36.02  90.00
36.03  84.00
36.04  80.30
36.06  77.80
36.07  75.20
36.09  73.30
36.10  72.20
36.12  70.80
36.13  69.80
36.15  69.00
36.16  68.10
36.17  67.50
36.19  66.70
36.20  66.20
36.22  65.90
36.23  65.60
36.25  65.00
36.26  64.80
36.28  64.30
36.29  64.00
36.31  63.80
36.32  64.00
36.34  63.70
36.35  63.30
36.36  63.10
36.38  63.20
36.39  63.00
36.41  62.80
36.42  62.50
36.44  62.30
36.45  62.40
36.47  62.10
36.48  62.00
36.50  62.10
36.51  62.10
36.53  61.90
36.54  62.00
36.55  61.60
36.57  61.60
36.58  61.50
36.60  61.70
36.61  61.50
36.63  61.30
36.64  61.40
36.65  61.10
36.67  61.20
36.68  61.20
36.70  61.10
36.71  60.90
36.73  60.90
36.74  61.10
36.76  60.90
36.77  60.90
36.79  60.90
36.80  61.00
36.81  61.10
36.83  60.80
36.84  60.80
36.86  60.50
36.87  60.60
36.89  60.70
36.90  60.80
36.92  60.30
36.93  60.60
36.95  79.20
36.96  277.80
36.98  150.00
36.99  115.50
37.01  99.40
37.02  91.50
37.04  85.20
37.05  81.30
37.07  78.00
37.08  75.80
37.10  74.00
37.11  72.10
37.13  71.00
37.14  69.90
37.15  69.10
37.17  68.00
37.18  67.60
37.20  67.10
37.21  66.20
37.23  65.70
37.24  65.60
37.26  64.90
37.27  64.90
37.28  64.70
37.30  64.30
37.31  64.00
37.33  63.80
37.34  64.00
37.36  63.50
37.37  63.20
37.39  63.00
37.40  62.80
37.42  62.80
37.43  62.40
37.44  62.20
37.46  62.50
37.47  62.20
37.49  62.10
37.50  62.00
37.52  61.90
37.53  61.70
37.55  61.90
37.56  61.90
37.58  61.70
37.59  61.60
37.61  61.50
37.62  61.30
37.63  61.40
37.65  61.20
37.66  61.40
37.68  61.40
37.69  61.20
37.71  61.00
37.72  61.10
37.74  61.20
37.75  60.80
37.77  61.00
37.78  61.00
37.79  60.90
37.81  60.70
37.82  60.60
37.84  60.80
37.85  60.80
37.87  60.70
37.88  60.80
37.90  60.50
37.91  60.70
37.93  60.70
37.94  60.60
37.95  60.50
37.97  379.40
37.98  162.60
38.00  120.70
38.02  102.40
38.03  92.10
38.04  85.80
38.06  81.80
38.08  78.30
38.09  76.10
38.10  74.10
38.12  72.60
38.13  70.90
38.15  69.90
38.16  69.20
38.18  68.40
38.19  67.50
38.21  67.00
38.22  66.60
38.24  66.00
38.25  65.60
38.26  65.10
38.28  64.90
38.29  64.30
38.31  64.30
38.32  64.10
38.34  63.90
38.35  63.20
38.37  63.40
38.38  63.20
38.40  63.10
38.41  62.90
38.42  62.80
38.44  62.80
38.45  62.80
38.47  62.30
38.48  62.50
38.50  62.00
38.51  62.10
38.53  62.00
38.54  62.00
38.56  62.00
38.57  61.80
38.58  61.70
38.60  61.70
38.61  61.40
38.63  61.60
38.64  61.50
38.66  61.50
38.67  61.20
38.69  61.10
38.70  61.20
38.72  61.40
38.73  61.00
38.75  61.10
38.76  61.00
38.77  61.00
38.79  60.70
38.80  60.90
38.82  61.10
38.83  60.90
38.85  61.00
38.86  61.00
38.88  60.90
38.89  60.70
38.90  60.60
38.92  60.70
38.93  60.60
38.95  60.30
38.96  60.70
38.98  464.90
38.99  173.20
39.01  124.10
39.02  104.30
39.04  93.50
39.06  86.90
39.07  82.20
39.08  79.10
39.10  76.50
39.11  74.30
39.13  72.50
39.14  71.20
39.16  70.20
39.17  69.50
39.19  68.30
39.20  67.90
39.22  67.20
39.23  66.50
39.24  66.10
39.26  65.80
39.27  65.20
39.29  64.90
39.30  64.50
39.32  64.20
39.33  63.90
39.35  63.60
39.36  63.50
39.37  63.50
39.39  63.10
39.40  63.00
39.42  63.00
39.43  62.90
39.45  62.70
39.46  62.70
39.48  62.60
39.49  62.10
39.51  62.00
39.52  61.90
39.54  62.10
39.55  61.80
39.56  61.80
39.58  62.00
39.59  61.90
39.61  61.60
39.62  61.60
39.64  61.70
39.65  61.40
39.67  61.30
39.68  61.20
39.70  61.20
39.71  61.10
39.72  61.00
39.74  61.30
39.75  61.20
39.77  60.90
39.78  61.00
39.80  61.00
39.81  61.00
39.83  60.90
39.84  60.70
39.86  60.60
39.87  60.70
39.88  60.70
39.90  60.80
39.91  60.70
39.93  60.50
39.94  60.80
39.96  60.70
39.97  60.80
39.99  444.10
40.00  186.40

